{
 "cells": [
  {
   "cell_type": "code",
   "execution_count": 1,
   "id": "8544bd3d",
   "metadata": {},
   "outputs": [
    {
     "data": {
      "text/html": [
       "<div>\n",
       "<style scoped>\n",
       "    .dataframe tbody tr th:only-of-type {\n",
       "        vertical-align: middle;\n",
       "    }\n",
       "\n",
       "    .dataframe tbody tr th {\n",
       "        vertical-align: top;\n",
       "    }\n",
       "\n",
       "    .dataframe thead th {\n",
       "        text-align: right;\n",
       "    }\n",
       "</style>\n",
       "<table border=\"1\" class=\"dataframe\">\n",
       "  <thead>\n",
       "    <tr style=\"text-align: right;\">\n",
       "      <th></th>\n",
       "      <th>Sex</th>\n",
       "      <th>Length</th>\n",
       "      <th>Diameter</th>\n",
       "      <th>Height</th>\n",
       "      <th>Whole weight</th>\n",
       "      <th>Shucked weight</th>\n",
       "      <th>Viscera weight</th>\n",
       "      <th>Shell weight</th>\n",
       "      <th>Rings</th>\n",
       "    </tr>\n",
       "  </thead>\n",
       "  <tbody>\n",
       "    <tr>\n",
       "      <th>0</th>\n",
       "      <td>M</td>\n",
       "      <td>0.455</td>\n",
       "      <td>0.365</td>\n",
       "      <td>0.095</td>\n",
       "      <td>0.5140</td>\n",
       "      <td>0.2245</td>\n",
       "      <td>0.1010</td>\n",
       "      <td>0.150</td>\n",
       "      <td>15</td>\n",
       "    </tr>\n",
       "    <tr>\n",
       "      <th>1</th>\n",
       "      <td>M</td>\n",
       "      <td>0.350</td>\n",
       "      <td>0.265</td>\n",
       "      <td>0.090</td>\n",
       "      <td>0.2255</td>\n",
       "      <td>0.0995</td>\n",
       "      <td>0.0485</td>\n",
       "      <td>0.070</td>\n",
       "      <td>7</td>\n",
       "    </tr>\n",
       "    <tr>\n",
       "      <th>2</th>\n",
       "      <td>F</td>\n",
       "      <td>0.530</td>\n",
       "      <td>0.420</td>\n",
       "      <td>0.135</td>\n",
       "      <td>0.6770</td>\n",
       "      <td>0.2565</td>\n",
       "      <td>0.1415</td>\n",
       "      <td>0.210</td>\n",
       "      <td>9</td>\n",
       "    </tr>\n",
       "    <tr>\n",
       "      <th>3</th>\n",
       "      <td>M</td>\n",
       "      <td>0.440</td>\n",
       "      <td>0.365</td>\n",
       "      <td>0.125</td>\n",
       "      <td>0.5160</td>\n",
       "      <td>0.2155</td>\n",
       "      <td>0.1140</td>\n",
       "      <td>0.155</td>\n",
       "      <td>10</td>\n",
       "    </tr>\n",
       "    <tr>\n",
       "      <th>4</th>\n",
       "      <td>I</td>\n",
       "      <td>0.330</td>\n",
       "      <td>0.255</td>\n",
       "      <td>0.080</td>\n",
       "      <td>0.2050</td>\n",
       "      <td>0.0895</td>\n",
       "      <td>0.0395</td>\n",
       "      <td>0.055</td>\n",
       "      <td>7</td>\n",
       "    </tr>\n",
       "  </tbody>\n",
       "</table>\n",
       "</div>"
      ],
      "text/plain": [
       "  Sex  Length  Diameter  Height  Whole weight  Shucked weight  Viscera weight  \\\n",
       "0   M   0.455     0.365   0.095        0.5140          0.2245          0.1010   \n",
       "1   M   0.350     0.265   0.090        0.2255          0.0995          0.0485   \n",
       "2   F   0.530     0.420   0.135        0.6770          0.2565          0.1415   \n",
       "3   M   0.440     0.365   0.125        0.5160          0.2155          0.1140   \n",
       "4   I   0.330     0.255   0.080        0.2050          0.0895          0.0395   \n",
       "\n",
       "   Shell weight  Rings  \n",
       "0         0.150     15  \n",
       "1         0.070      7  \n",
       "2         0.210      9  \n",
       "3         0.155     10  \n",
       "4         0.055      7  "
      ]
     },
     "execution_count": 1,
     "metadata": {},
     "output_type": "execute_result"
    }
   ],
   "source": [
    "import pandas as pd\n",
    "data = pd.read_csv(r\"C:\\Users\\ELCOT\\Downloads\\IBM\\abalone.csv\")\n",
    "data.head()"
   ]
  },
  {
   "cell_type": "code",
   "execution_count": 2,
   "id": "57a3b5ef",
   "metadata": {},
   "outputs": [
    {
     "data": {
      "text/html": [
       "<div>\n",
       "<style scoped>\n",
       "    .dataframe tbody tr th:only-of-type {\n",
       "        vertical-align: middle;\n",
       "    }\n",
       "\n",
       "    .dataframe tbody tr th {\n",
       "        vertical-align: top;\n",
       "    }\n",
       "\n",
       "    .dataframe thead th {\n",
       "        text-align: right;\n",
       "    }\n",
       "</style>\n",
       "<table border=\"1\" class=\"dataframe\">\n",
       "  <thead>\n",
       "    <tr style=\"text-align: right;\">\n",
       "      <th></th>\n",
       "      <th>Sex</th>\n",
       "      <th>Length</th>\n",
       "      <th>Diameter</th>\n",
       "      <th>Height</th>\n",
       "      <th>Whole weight</th>\n",
       "      <th>Shucked weight</th>\n",
       "      <th>Viscera weight</th>\n",
       "      <th>Shell weight</th>\n",
       "      <th>Age</th>\n",
       "    </tr>\n",
       "  </thead>\n",
       "  <tbody>\n",
       "    <tr>\n",
       "      <th>0</th>\n",
       "      <td>M</td>\n",
       "      <td>0.455</td>\n",
       "      <td>0.365</td>\n",
       "      <td>0.095</td>\n",
       "      <td>0.5140</td>\n",
       "      <td>0.2245</td>\n",
       "      <td>0.1010</td>\n",
       "      <td>0.150</td>\n",
       "      <td>16.5</td>\n",
       "    </tr>\n",
       "    <tr>\n",
       "      <th>1</th>\n",
       "      <td>M</td>\n",
       "      <td>0.350</td>\n",
       "      <td>0.265</td>\n",
       "      <td>0.090</td>\n",
       "      <td>0.2255</td>\n",
       "      <td>0.0995</td>\n",
       "      <td>0.0485</td>\n",
       "      <td>0.070</td>\n",
       "      <td>8.5</td>\n",
       "    </tr>\n",
       "    <tr>\n",
       "      <th>2</th>\n",
       "      <td>F</td>\n",
       "      <td>0.530</td>\n",
       "      <td>0.420</td>\n",
       "      <td>0.135</td>\n",
       "      <td>0.6770</td>\n",
       "      <td>0.2565</td>\n",
       "      <td>0.1415</td>\n",
       "      <td>0.210</td>\n",
       "      <td>10.5</td>\n",
       "    </tr>\n",
       "    <tr>\n",
       "      <th>3</th>\n",
       "      <td>M</td>\n",
       "      <td>0.440</td>\n",
       "      <td>0.365</td>\n",
       "      <td>0.125</td>\n",
       "      <td>0.5160</td>\n",
       "      <td>0.2155</td>\n",
       "      <td>0.1140</td>\n",
       "      <td>0.155</td>\n",
       "      <td>11.5</td>\n",
       "    </tr>\n",
       "    <tr>\n",
       "      <th>4</th>\n",
       "      <td>I</td>\n",
       "      <td>0.330</td>\n",
       "      <td>0.255</td>\n",
       "      <td>0.080</td>\n",
       "      <td>0.2050</td>\n",
       "      <td>0.0895</td>\n",
       "      <td>0.0395</td>\n",
       "      <td>0.055</td>\n",
       "      <td>8.5</td>\n",
       "    </tr>\n",
       "  </tbody>\n",
       "</table>\n",
       "</div>"
      ],
      "text/plain": [
       "  Sex  Length  Diameter  Height  Whole weight  Shucked weight  Viscera weight  \\\n",
       "0   M   0.455     0.365   0.095        0.5140          0.2245          0.1010   \n",
       "1   M   0.350     0.265   0.090        0.2255          0.0995          0.0485   \n",
       "2   F   0.530     0.420   0.135        0.6770          0.2565          0.1415   \n",
       "3   M   0.440     0.365   0.125        0.5160          0.2155          0.1140   \n",
       "4   I   0.330     0.255   0.080        0.2050          0.0895          0.0395   \n",
       "\n",
       "   Shell weight   Age  \n",
       "0         0.150  16.5  \n",
       "1         0.070   8.5  \n",
       "2         0.210  10.5  \n",
       "3         0.155  11.5  \n",
       "4         0.055   8.5  "
      ]
     },
     "execution_count": 2,
     "metadata": {},
     "output_type": "execute_result"
    }
   ],
   "source": [
    "data['Age'] = data['Rings'] + 1.5\n",
    "data.drop('Rings', axis = 1, inplace = True)\n",
    "data.head()"
   ]
  },
  {
   "cell_type": "code",
   "execution_count": 3,
   "id": "8b2d1b47",
   "metadata": {},
   "outputs": [
    {
     "data": {
      "text/plain": [
       "M    1528\n",
       "I    1342\n",
       "F    1307\n",
       "Name: Sex, dtype: int64"
      ]
     },
     "execution_count": 3,
     "metadata": {},
     "output_type": "execute_result"
    }
   ],
   "source": [
    "data['Sex'].value_counts()"
   ]
  },
  {
   "cell_type": "code",
   "execution_count": 4,
   "id": "d1761ee8",
   "metadata": {},
   "outputs": [
    {
     "data": {
      "text/html": [
       "<div>\n",
       "<style scoped>\n",
       "    .dataframe tbody tr th:only-of-type {\n",
       "        vertical-align: middle;\n",
       "    }\n",
       "\n",
       "    .dataframe tbody tr th {\n",
       "        vertical-align: top;\n",
       "    }\n",
       "\n",
       "    .dataframe thead th {\n",
       "        text-align: right;\n",
       "    }\n",
       "</style>\n",
       "<table border=\"1\" class=\"dataframe\">\n",
       "  <thead>\n",
       "    <tr style=\"text-align: right;\">\n",
       "      <th></th>\n",
       "      <th>Sex</th>\n",
       "      <th>Length</th>\n",
       "      <th>Diameter</th>\n",
       "      <th>Height</th>\n",
       "      <th>Whole weight</th>\n",
       "      <th>Shucked weight</th>\n",
       "      <th>Viscera weight</th>\n",
       "      <th>Shell weight</th>\n",
       "      <th>Age</th>\n",
       "    </tr>\n",
       "  </thead>\n",
       "  <tbody>\n",
       "    <tr>\n",
       "      <th>0</th>\n",
       "      <td>0</td>\n",
       "      <td>0.455</td>\n",
       "      <td>0.365</td>\n",
       "      <td>0.095</td>\n",
       "      <td>0.5140</td>\n",
       "      <td>0.2245</td>\n",
       "      <td>0.1010</td>\n",
       "      <td>0.150</td>\n",
       "      <td>16.5</td>\n",
       "    </tr>\n",
       "    <tr>\n",
       "      <th>1</th>\n",
       "      <td>0</td>\n",
       "      <td>0.350</td>\n",
       "      <td>0.265</td>\n",
       "      <td>0.090</td>\n",
       "      <td>0.2255</td>\n",
       "      <td>0.0995</td>\n",
       "      <td>0.0485</td>\n",
       "      <td>0.070</td>\n",
       "      <td>8.5</td>\n",
       "    </tr>\n",
       "    <tr>\n",
       "      <th>2</th>\n",
       "      <td>1</td>\n",
       "      <td>0.530</td>\n",
       "      <td>0.420</td>\n",
       "      <td>0.135</td>\n",
       "      <td>0.6770</td>\n",
       "      <td>0.2565</td>\n",
       "      <td>0.1415</td>\n",
       "      <td>0.210</td>\n",
       "      <td>10.5</td>\n",
       "    </tr>\n",
       "    <tr>\n",
       "      <th>3</th>\n",
       "      <td>0</td>\n",
       "      <td>0.440</td>\n",
       "      <td>0.365</td>\n",
       "      <td>0.125</td>\n",
       "      <td>0.5160</td>\n",
       "      <td>0.2155</td>\n",
       "      <td>0.1140</td>\n",
       "      <td>0.155</td>\n",
       "      <td>11.5</td>\n",
       "    </tr>\n",
       "    <tr>\n",
       "      <th>4</th>\n",
       "      <td>2</td>\n",
       "      <td>0.330</td>\n",
       "      <td>0.255</td>\n",
       "      <td>0.080</td>\n",
       "      <td>0.2050</td>\n",
       "      <td>0.0895</td>\n",
       "      <td>0.0395</td>\n",
       "      <td>0.055</td>\n",
       "      <td>8.5</td>\n",
       "    </tr>\n",
       "  </tbody>\n",
       "</table>\n",
       "</div>"
      ],
      "text/plain": [
       "   Sex  Length  Diameter  Height  Whole weight  Shucked weight  \\\n",
       "0    0   0.455     0.365   0.095        0.5140          0.2245   \n",
       "1    0   0.350     0.265   0.090        0.2255          0.0995   \n",
       "2    1   0.530     0.420   0.135        0.6770          0.2565   \n",
       "3    0   0.440     0.365   0.125        0.5160          0.2155   \n",
       "4    2   0.330     0.255   0.080        0.2050          0.0895   \n",
       "\n",
       "   Viscera weight  Shell weight   Age  \n",
       "0          0.1010         0.150  16.5  \n",
       "1          0.0485         0.070   8.5  \n",
       "2          0.1415         0.210  10.5  \n",
       "3          0.1140         0.155  11.5  \n",
       "4          0.0395         0.055   8.5  "
      ]
     },
     "execution_count": 4,
     "metadata": {},
     "output_type": "execute_result"
    }
   ],
   "source": [
    "data['Sex'].replace(['M', 'F', 'I'], [0, 1, 2], inplace = True)\n",
    "data.head()"
   ]
  },
  {
   "cell_type": "code",
   "execution_count": 5,
   "id": "362c290f",
   "metadata": {},
   "outputs": [
    {
     "data": {
      "text/plain": [
       "Sex               0\n",
       "Length            0\n",
       "Diameter          0\n",
       "Height            0\n",
       "Whole weight      0\n",
       "Shucked weight    0\n",
       "Viscera weight    0\n",
       "Shell weight      0\n",
       "Age               0\n",
       "dtype: int64"
      ]
     },
     "execution_count": 5,
     "metadata": {},
     "output_type": "execute_result"
    }
   ],
   "source": [
    "data.isnull().sum()"
   ]
  },
  {
   "cell_type": "code",
   "execution_count": 6,
   "id": "031661b4",
   "metadata": {},
   "outputs": [
    {
     "name": "stdout",
     "output_type": "stream",
     "text": [
      "<class 'pandas.core.frame.DataFrame'>\n",
      "RangeIndex: 4177 entries, 0 to 4176\n",
      "Data columns (total 9 columns):\n",
      " #   Column          Non-Null Count  Dtype  \n",
      "---  ------          --------------  -----  \n",
      " 0   Sex             4177 non-null   int64  \n",
      " 1   Length          4177 non-null   float64\n",
      " 2   Diameter        4177 non-null   float64\n",
      " 3   Height          4177 non-null   float64\n",
      " 4   Whole weight    4177 non-null   float64\n",
      " 5   Shucked weight  4177 non-null   float64\n",
      " 6   Viscera weight  4177 non-null   float64\n",
      " 7   Shell weight    4177 non-null   float64\n",
      " 8   Age             4177 non-null   float64\n",
      "dtypes: float64(8), int64(1)\n",
      "memory usage: 293.8 KB\n"
     ]
    }
   ],
   "source": [
    "data.info()"
   ]
  },
  {
   "cell_type": "code",
   "execution_count": 11,
   "id": "b87683db",
   "metadata": {},
   "outputs": [
    {
     "data": {
      "text/html": [
       "<div>\n",
       "<style scoped>\n",
       "    .dataframe tbody tr th:only-of-type {\n",
       "        vertical-align: middle;\n",
       "    }\n",
       "\n",
       "    .dataframe tbody tr th {\n",
       "        vertical-align: top;\n",
       "    }\n",
       "\n",
       "    .dataframe thead th {\n",
       "        text-align: right;\n",
       "    }\n",
       "</style>\n",
       "<table border=\"1\" class=\"dataframe\">\n",
       "  <thead>\n",
       "    <tr style=\"text-align: right;\">\n",
       "      <th></th>\n",
       "      <th>Sex</th>\n",
       "      <th>Length</th>\n",
       "      <th>Diameter</th>\n",
       "      <th>Height</th>\n",
       "      <th>Whole weight</th>\n",
       "      <th>Shucked weight</th>\n",
       "      <th>Viscera weight</th>\n",
       "      <th>Shell weight</th>\n",
       "      <th>Age</th>\n",
       "    </tr>\n",
       "  </thead>\n",
       "  <tbody>\n",
       "    <tr>\n",
       "      <th>count</th>\n",
       "      <td>4177.000000</td>\n",
       "      <td>4177.000000</td>\n",
       "      <td>4177.000000</td>\n",
       "      <td>4177.000000</td>\n",
       "      <td>4177.000000</td>\n",
       "      <td>4177.000000</td>\n",
       "      <td>4177.000000</td>\n",
       "      <td>4177.000000</td>\n",
       "      <td>4177.000000</td>\n",
       "    </tr>\n",
       "    <tr>\n",
       "      <th>mean</th>\n",
       "      <td>0.955470</td>\n",
       "      <td>0.523992</td>\n",
       "      <td>0.407881</td>\n",
       "      <td>0.139516</td>\n",
       "      <td>0.828742</td>\n",
       "      <td>0.359367</td>\n",
       "      <td>0.180594</td>\n",
       "      <td>0.238831</td>\n",
       "      <td>11.433684</td>\n",
       "    </tr>\n",
       "    <tr>\n",
       "      <th>std</th>\n",
       "      <td>0.827815</td>\n",
       "      <td>0.120093</td>\n",
       "      <td>0.099240</td>\n",
       "      <td>0.041827</td>\n",
       "      <td>0.490389</td>\n",
       "      <td>0.221963</td>\n",
       "      <td>0.109614</td>\n",
       "      <td>0.139203</td>\n",
       "      <td>3.224169</td>\n",
       "    </tr>\n",
       "    <tr>\n",
       "      <th>min</th>\n",
       "      <td>0.000000</td>\n",
       "      <td>0.075000</td>\n",
       "      <td>0.055000</td>\n",
       "      <td>0.000000</td>\n",
       "      <td>0.002000</td>\n",
       "      <td>0.001000</td>\n",
       "      <td>0.000500</td>\n",
       "      <td>0.001500</td>\n",
       "      <td>2.500000</td>\n",
       "    </tr>\n",
       "    <tr>\n",
       "      <th>25%</th>\n",
       "      <td>0.000000</td>\n",
       "      <td>0.450000</td>\n",
       "      <td>0.350000</td>\n",
       "      <td>0.115000</td>\n",
       "      <td>0.441500</td>\n",
       "      <td>0.186000</td>\n",
       "      <td>0.093500</td>\n",
       "      <td>0.130000</td>\n",
       "      <td>9.500000</td>\n",
       "    </tr>\n",
       "    <tr>\n",
       "      <th>50%</th>\n",
       "      <td>1.000000</td>\n",
       "      <td>0.545000</td>\n",
       "      <td>0.425000</td>\n",
       "      <td>0.140000</td>\n",
       "      <td>0.799500</td>\n",
       "      <td>0.336000</td>\n",
       "      <td>0.171000</td>\n",
       "      <td>0.234000</td>\n",
       "      <td>10.500000</td>\n",
       "    </tr>\n",
       "    <tr>\n",
       "      <th>75%</th>\n",
       "      <td>2.000000</td>\n",
       "      <td>0.615000</td>\n",
       "      <td>0.480000</td>\n",
       "      <td>0.165000</td>\n",
       "      <td>1.153000</td>\n",
       "      <td>0.502000</td>\n",
       "      <td>0.253000</td>\n",
       "      <td>0.329000</td>\n",
       "      <td>12.500000</td>\n",
       "    </tr>\n",
       "    <tr>\n",
       "      <th>max</th>\n",
       "      <td>2.000000</td>\n",
       "      <td>0.815000</td>\n",
       "      <td>0.650000</td>\n",
       "      <td>1.130000</td>\n",
       "      <td>2.825500</td>\n",
       "      <td>1.488000</td>\n",
       "      <td>0.760000</td>\n",
       "      <td>1.005000</td>\n",
       "      <td>30.500000</td>\n",
       "    </tr>\n",
       "  </tbody>\n",
       "</table>\n",
       "</div>"
      ],
      "text/plain": [
       "               Sex       Length     Diameter       Height  Whole weight  \\\n",
       "count  4177.000000  4177.000000  4177.000000  4177.000000   4177.000000   \n",
       "mean      0.955470     0.523992     0.407881     0.139516      0.828742   \n",
       "std       0.827815     0.120093     0.099240     0.041827      0.490389   \n",
       "min       0.000000     0.075000     0.055000     0.000000      0.002000   \n",
       "25%       0.000000     0.450000     0.350000     0.115000      0.441500   \n",
       "50%       1.000000     0.545000     0.425000     0.140000      0.799500   \n",
       "75%       2.000000     0.615000     0.480000     0.165000      1.153000   \n",
       "max       2.000000     0.815000     0.650000     1.130000      2.825500   \n",
       "\n",
       "       Shucked weight  Viscera weight  Shell weight          Age  \n",
       "count     4177.000000     4177.000000   4177.000000  4177.000000  \n",
       "mean         0.359367        0.180594      0.238831    11.433684  \n",
       "std          0.221963        0.109614      0.139203     3.224169  \n",
       "min          0.001000        0.000500      0.001500     2.500000  \n",
       "25%          0.186000        0.093500      0.130000     9.500000  \n",
       "50%          0.336000        0.171000      0.234000    10.500000  \n",
       "75%          0.502000        0.253000      0.329000    12.500000  \n",
       "max          1.488000        0.760000      1.005000    30.500000  "
      ]
     },
     "execution_count": 11,
     "metadata": {},
     "output_type": "execute_result"
    }
   ],
   "source": [
    "data.describe()"
   ]
  },
  {
   "cell_type": "code",
   "execution_count": 12,
   "id": "8dca20c9",
   "metadata": {},
   "outputs": [
    {
     "data": {
      "text/html": [
       "<div>\n",
       "<style scoped>\n",
       "    .dataframe tbody tr th:only-of-type {\n",
       "        vertical-align: middle;\n",
       "    }\n",
       "\n",
       "    .dataframe tbody tr th {\n",
       "        vertical-align: top;\n",
       "    }\n",
       "\n",
       "    .dataframe thead th {\n",
       "        text-align: right;\n",
       "    }\n",
       "</style>\n",
       "<table border=\"1\" class=\"dataframe\">\n",
       "  <thead>\n",
       "    <tr style=\"text-align: right;\">\n",
       "      <th></th>\n",
       "      <th>Sex</th>\n",
       "      <th>Length</th>\n",
       "      <th>Diameter</th>\n",
       "      <th>Height</th>\n",
       "      <th>Whole weight</th>\n",
       "      <th>Shucked weight</th>\n",
       "      <th>Viscera weight</th>\n",
       "      <th>Shell weight</th>\n",
       "      <th>Age</th>\n",
       "    </tr>\n",
       "  </thead>\n",
       "  <tbody>\n",
       "    <tr>\n",
       "      <th>Sex</th>\n",
       "      <td>0.685277</td>\n",
       "      <td>-0.044614</td>\n",
       "      <td>-0.037646</td>\n",
       "      <td>-0.014471</td>\n",
       "      <td>-0.187240</td>\n",
       "      <td>-0.081018</td>\n",
       "      <td>-0.041256</td>\n",
       "      <td>-0.051342</td>\n",
       "      <td>-0.939017</td>\n",
       "    </tr>\n",
       "    <tr>\n",
       "      <th>Length</th>\n",
       "      <td>-0.044614</td>\n",
       "      <td>0.014422</td>\n",
       "      <td>0.011761</td>\n",
       "      <td>0.004157</td>\n",
       "      <td>0.054491</td>\n",
       "      <td>0.023935</td>\n",
       "      <td>0.011887</td>\n",
       "      <td>0.015007</td>\n",
       "      <td>0.215562</td>\n",
       "    </tr>\n",
       "    <tr>\n",
       "      <th>Diameter</th>\n",
       "      <td>-0.037646</td>\n",
       "      <td>0.011761</td>\n",
       "      <td>0.009849</td>\n",
       "      <td>0.003461</td>\n",
       "      <td>0.045038</td>\n",
       "      <td>0.019674</td>\n",
       "      <td>0.009787</td>\n",
       "      <td>0.012507</td>\n",
       "      <td>0.183872</td>\n",
       "    </tr>\n",
       "    <tr>\n",
       "      <th>Height</th>\n",
       "      <td>-0.014471</td>\n",
       "      <td>0.004157</td>\n",
       "      <td>0.003461</td>\n",
       "      <td>0.001750</td>\n",
       "      <td>0.016803</td>\n",
       "      <td>0.007195</td>\n",
       "      <td>0.003660</td>\n",
       "      <td>0.004759</td>\n",
       "      <td>0.075179</td>\n",
       "    </tr>\n",
       "    <tr>\n",
       "      <th>Whole weight</th>\n",
       "      <td>-0.187240</td>\n",
       "      <td>0.054491</td>\n",
       "      <td>0.045038</td>\n",
       "      <td>0.016803</td>\n",
       "      <td>0.240481</td>\n",
       "      <td>0.105518</td>\n",
       "      <td>0.051946</td>\n",
       "      <td>0.065216</td>\n",
       "      <td>0.854409</td>\n",
       "    </tr>\n",
       "    <tr>\n",
       "      <th>Shucked weight</th>\n",
       "      <td>-0.081018</td>\n",
       "      <td>0.023935</td>\n",
       "      <td>0.019674</td>\n",
       "      <td>0.007195</td>\n",
       "      <td>0.105518</td>\n",
       "      <td>0.049268</td>\n",
       "      <td>0.022675</td>\n",
       "      <td>0.027271</td>\n",
       "      <td>0.301204</td>\n",
       "    </tr>\n",
       "    <tr>\n",
       "      <th>Viscera weight</th>\n",
       "      <td>-0.041256</td>\n",
       "      <td>0.011887</td>\n",
       "      <td>0.009787</td>\n",
       "      <td>0.003660</td>\n",
       "      <td>0.051946</td>\n",
       "      <td>0.022675</td>\n",
       "      <td>0.012015</td>\n",
       "      <td>0.013850</td>\n",
       "      <td>0.178057</td>\n",
       "    </tr>\n",
       "    <tr>\n",
       "      <th>Shell weight</th>\n",
       "      <td>-0.051342</td>\n",
       "      <td>0.015007</td>\n",
       "      <td>0.012507</td>\n",
       "      <td>0.004759</td>\n",
       "      <td>0.065216</td>\n",
       "      <td>0.027271</td>\n",
       "      <td>0.013850</td>\n",
       "      <td>0.019377</td>\n",
       "      <td>0.281663</td>\n",
       "    </tr>\n",
       "    <tr>\n",
       "      <th>Age</th>\n",
       "      <td>-0.939017</td>\n",
       "      <td>0.215562</td>\n",
       "      <td>0.183872</td>\n",
       "      <td>0.075179</td>\n",
       "      <td>0.854409</td>\n",
       "      <td>0.301204</td>\n",
       "      <td>0.178057</td>\n",
       "      <td>0.281663</td>\n",
       "      <td>10.395266</td>\n",
       "    </tr>\n",
       "  </tbody>\n",
       "</table>\n",
       "</div>"
      ],
      "text/plain": [
       "                     Sex    Length  Diameter    Height  Whole weight  \\\n",
       "Sex             0.685277 -0.044614 -0.037646 -0.014471     -0.187240   \n",
       "Length         -0.044614  0.014422  0.011761  0.004157      0.054491   \n",
       "Diameter       -0.037646  0.011761  0.009849  0.003461      0.045038   \n",
       "Height         -0.014471  0.004157  0.003461  0.001750      0.016803   \n",
       "Whole weight   -0.187240  0.054491  0.045038  0.016803      0.240481   \n",
       "Shucked weight -0.081018  0.023935  0.019674  0.007195      0.105518   \n",
       "Viscera weight -0.041256  0.011887  0.009787  0.003660      0.051946   \n",
       "Shell weight   -0.051342  0.015007  0.012507  0.004759      0.065216   \n",
       "Age            -0.939017  0.215562  0.183872  0.075179      0.854409   \n",
       "\n",
       "                Shucked weight  Viscera weight  Shell weight        Age  \n",
       "Sex                  -0.081018       -0.041256     -0.051342  -0.939017  \n",
       "Length                0.023935        0.011887      0.015007   0.215562  \n",
       "Diameter              0.019674        0.009787      0.012507   0.183872  \n",
       "Height                0.007195        0.003660      0.004759   0.075179  \n",
       "Whole weight          0.105518        0.051946      0.065216   0.854409  \n",
       "Shucked weight        0.049268        0.022675      0.027271   0.301204  \n",
       "Viscera weight        0.022675        0.012015      0.013850   0.178057  \n",
       "Shell weight          0.027271        0.013850      0.019377   0.281663  \n",
       "Age                   0.301204        0.178057      0.281663  10.395266  "
      ]
     },
     "execution_count": 12,
     "metadata": {},
     "output_type": "execute_result"
    }
   ],
   "source": [
    "data.cov()"
   ]
  },
  {
   "cell_type": "code",
   "execution_count": 13,
   "id": "83cb7137",
   "metadata": {},
   "outputs": [
    {
     "data": {
      "text/html": [
       "<div>\n",
       "<style scoped>\n",
       "    .dataframe tbody tr th:only-of-type {\n",
       "        vertical-align: middle;\n",
       "    }\n",
       "\n",
       "    .dataframe tbody tr th {\n",
       "        vertical-align: top;\n",
       "    }\n",
       "\n",
       "    .dataframe thead th {\n",
       "        text-align: right;\n",
       "    }\n",
       "</style>\n",
       "<table border=\"1\" class=\"dataframe\">\n",
       "  <thead>\n",
       "    <tr style=\"text-align: right;\">\n",
       "      <th></th>\n",
       "      <th>Sex</th>\n",
       "      <th>Length</th>\n",
       "      <th>Diameter</th>\n",
       "      <th>Height</th>\n",
       "      <th>Whole weight</th>\n",
       "      <th>Shucked weight</th>\n",
       "      <th>Viscera weight</th>\n",
       "      <th>Shell weight</th>\n",
       "      <th>Age</th>\n",
       "    </tr>\n",
       "  </thead>\n",
       "  <tbody>\n",
       "    <tr>\n",
       "      <th>Sex</th>\n",
       "      <td>1.000000</td>\n",
       "      <td>-0.448765</td>\n",
       "      <td>-0.458245</td>\n",
       "      <td>-0.417928</td>\n",
       "      <td>-0.461238</td>\n",
       "      <td>-0.440927</td>\n",
       "      <td>-0.454658</td>\n",
       "      <td>-0.445549</td>\n",
       "      <td>-0.351822</td>\n",
       "    </tr>\n",
       "    <tr>\n",
       "      <th>Length</th>\n",
       "      <td>-0.448765</td>\n",
       "      <td>1.000000</td>\n",
       "      <td>0.986812</td>\n",
       "      <td>0.827554</td>\n",
       "      <td>0.925261</td>\n",
       "      <td>0.897914</td>\n",
       "      <td>0.903018</td>\n",
       "      <td>0.897706</td>\n",
       "      <td>0.556720</td>\n",
       "    </tr>\n",
       "    <tr>\n",
       "      <th>Diameter</th>\n",
       "      <td>-0.458245</td>\n",
       "      <td>0.986812</td>\n",
       "      <td>1.000000</td>\n",
       "      <td>0.833684</td>\n",
       "      <td>0.925452</td>\n",
       "      <td>0.893162</td>\n",
       "      <td>0.899724</td>\n",
       "      <td>0.905330</td>\n",
       "      <td>0.574660</td>\n",
       "    </tr>\n",
       "    <tr>\n",
       "      <th>Height</th>\n",
       "      <td>-0.417928</td>\n",
       "      <td>0.827554</td>\n",
       "      <td>0.833684</td>\n",
       "      <td>1.000000</td>\n",
       "      <td>0.819221</td>\n",
       "      <td>0.774972</td>\n",
       "      <td>0.798319</td>\n",
       "      <td>0.817338</td>\n",
       "      <td>0.557467</td>\n",
       "    </tr>\n",
       "    <tr>\n",
       "      <th>Whole weight</th>\n",
       "      <td>-0.461238</td>\n",
       "      <td>0.925261</td>\n",
       "      <td>0.925452</td>\n",
       "      <td>0.819221</td>\n",
       "      <td>1.000000</td>\n",
       "      <td>0.969405</td>\n",
       "      <td>0.966375</td>\n",
       "      <td>0.955355</td>\n",
       "      <td>0.540390</td>\n",
       "    </tr>\n",
       "    <tr>\n",
       "      <th>Shucked weight</th>\n",
       "      <td>-0.440927</td>\n",
       "      <td>0.897914</td>\n",
       "      <td>0.893162</td>\n",
       "      <td>0.774972</td>\n",
       "      <td>0.969405</td>\n",
       "      <td>1.000000</td>\n",
       "      <td>0.931961</td>\n",
       "      <td>0.882617</td>\n",
       "      <td>0.420884</td>\n",
       "    </tr>\n",
       "    <tr>\n",
       "      <th>Viscera weight</th>\n",
       "      <td>-0.454658</td>\n",
       "      <td>0.903018</td>\n",
       "      <td>0.899724</td>\n",
       "      <td>0.798319</td>\n",
       "      <td>0.966375</td>\n",
       "      <td>0.931961</td>\n",
       "      <td>1.000000</td>\n",
       "      <td>0.907656</td>\n",
       "      <td>0.503819</td>\n",
       "    </tr>\n",
       "    <tr>\n",
       "      <th>Shell weight</th>\n",
       "      <td>-0.445549</td>\n",
       "      <td>0.897706</td>\n",
       "      <td>0.905330</td>\n",
       "      <td>0.817338</td>\n",
       "      <td>0.955355</td>\n",
       "      <td>0.882617</td>\n",
       "      <td>0.907656</td>\n",
       "      <td>1.000000</td>\n",
       "      <td>0.627574</td>\n",
       "    </tr>\n",
       "    <tr>\n",
       "      <th>Age</th>\n",
       "      <td>-0.351822</td>\n",
       "      <td>0.556720</td>\n",
       "      <td>0.574660</td>\n",
       "      <td>0.557467</td>\n",
       "      <td>0.540390</td>\n",
       "      <td>0.420884</td>\n",
       "      <td>0.503819</td>\n",
       "      <td>0.627574</td>\n",
       "      <td>1.000000</td>\n",
       "    </tr>\n",
       "  </tbody>\n",
       "</table>\n",
       "</div>"
      ],
      "text/plain": [
       "                     Sex    Length  Diameter    Height  Whole weight  \\\n",
       "Sex             1.000000 -0.448765 -0.458245 -0.417928     -0.461238   \n",
       "Length         -0.448765  1.000000  0.986812  0.827554      0.925261   \n",
       "Diameter       -0.458245  0.986812  1.000000  0.833684      0.925452   \n",
       "Height         -0.417928  0.827554  0.833684  1.000000      0.819221   \n",
       "Whole weight   -0.461238  0.925261  0.925452  0.819221      1.000000   \n",
       "Shucked weight -0.440927  0.897914  0.893162  0.774972      0.969405   \n",
       "Viscera weight -0.454658  0.903018  0.899724  0.798319      0.966375   \n",
       "Shell weight   -0.445549  0.897706  0.905330  0.817338      0.955355   \n",
       "Age            -0.351822  0.556720  0.574660  0.557467      0.540390   \n",
       "\n",
       "                Shucked weight  Viscera weight  Shell weight       Age  \n",
       "Sex                  -0.440927       -0.454658     -0.445549 -0.351822  \n",
       "Length                0.897914        0.903018      0.897706  0.556720  \n",
       "Diameter              0.893162        0.899724      0.905330  0.574660  \n",
       "Height                0.774972        0.798319      0.817338  0.557467  \n",
       "Whole weight          0.969405        0.966375      0.955355  0.540390  \n",
       "Shucked weight        1.000000        0.931961      0.882617  0.420884  \n",
       "Viscera weight        0.931961        1.000000      0.907656  0.503819  \n",
       "Shell weight          0.882617        0.907656      1.000000  0.627574  \n",
       "Age                   0.420884        0.503819      0.627574  1.000000  "
      ]
     },
     "execution_count": 13,
     "metadata": {},
     "output_type": "execute_result"
    }
   ],
   "source": [
    "data.corr()"
   ]
  },
  {
   "cell_type": "code",
   "execution_count": 14,
   "id": "4a6c3e47",
   "metadata": {},
   "outputs": [
    {
     "data": {
      "text/plain": [
       "<AxesSubplot:>"
      ]
     },
     "execution_count": 14,
     "metadata": {},
     "output_type": "execute_result"
    },
    {
     "data": {
